cm,CU,
-8.29056385881225,0.0798103849278493,
-8.2513819575806,0.0816354977550833,
-8.21220005634896,0.0834782998993795,
-8.17301815511731,0.0846519800518939,
-8.13383625388566,0.0861203934169876,
-8.09465435265402,0.0876807682812308,
-8.05547245142237,0.0892078258354756,
-8.01629055019072,0.0904236790731052,
-7.97710864895907,0.0921481656580494,
-7.93792674772743,0.0941479511573036,
-7.89874484649578,0.0961633907048522,
-7.85956294526413,0.0980019944683748,
-7.82038104403249,0.10075325258218,
-7.78119914280084,0.103246285487921,
-7.74201724156919,0.10639575389404,
-7.70283534033755,0.111034128879489,
-7.6636534391059,0.116105666312144,
-7.62447153787425,0.125037044945457,
-7.58528963664261,0.139015406226116,
-7.54610773541096,0.16077718907321,
-7.50692583417931,0.193254297482627,
-7.46774393294767,0.239672687939383,
-7.42856203171602,0.304131391204133,
-7.38938013048437,0.380144441084287,
-7.35019822925273,0.46525353972376,
-7.31101632802108,0.553112521613576,
-7.27183442678943,0.63985123355677,
-7.23265252555778,0.721503074416472,
-7.19347062432614,0.794714067974472,
-7.15428872309449,0.85491444852416,
-7.11510682186284,0.898973627343524,
-7.0759249206312,0.926979007669303,
-7.03674301939955,0.951797529271856,
-6.9975611181679,0.967135231260128,
-6.95837921693626,0.974267474285247,
-6.91919731570461,0.981901928754593,
-6.88001541447296,0.98968150160411,
-6.84083351324132,0.992553250130037,
-6.80165161200967,0.995691940422699,
-6.76246971077802,0.997997841262036,
-6.72328780954637,0.99991262057789,
-6.68410590831473,1.00175070397084,
-6.64492400708308,1.00395815383811,
-6.60574210585143,1.00560125230066,
-6.56656020461979,1.00520411002418,
-6.52737830338814,1.00611142801485,
-6.48819640215649,1.00864633189124,
-6.44901450092485,1.01177631156195,
-6.4098325996932,1.01097574255852,
-6.37065069846155,1.01235213528974,
-6.33146879722991,1.01393908184866,
-6.29228689599826,1.01536916618591,
-6.25310499476661,1.01565724300195,
-6.21392309353496,1.01645203835701,
-6.17474119230332,1.01776341724243,
-6.13555929107167,1.01910646024512,
-6.09637738984002,1.01954158802828,
-6.05719548860838,1.02038032466418,
-6.01801358737673,1.02102388836174,
-5.97883168614508,1.02106390201591,
-5.93964978491344,1.02288368327096,
-5.90046788368179,1.02335510971208,
-5.86128598245014,1.02473284467791,
-5.8221040812185,1.02515336377659,
-5.78292217998685,1.0245472467589,
-5.7437402787552,1.02574743336958,
-5.70455837752356,1.02741901622525,
-5.66537647629191,1.02735918149116,
-5.62619457506026,1.02739834107042,
-5.58701267382861,1.02742174727217,
-5.54783077259697,1.028284574583,
-5.50864887136532,1.02853931500047,
-5.46946697013367,1.02848537149592,
-5.43028506890203,1.02878459420995,
-5.39110316767038,1.02933966908301,
-5.35192126643873,1.03042226972358,
-5.31273936520709,1.03038339216079,
-5.27355746397544,1.03284705956372,
-5.23437556274379,1.0338193823444,
-5.19519366151215,1.03212520962001,
-5.1560117602805,1.03006014303261,
-5.11682985904885,1.03048831163673,
-5.07764795781721,1.03067436363048,
-5.03846605658556,1.03107625785244,
-4.99928415535391,1.0329938692417,
-4.96010225412227,1.03225783238257,
-4.92092035289062,1.03130902766329,
-4.88173845165897,1.03261261513178,
-4.84255655042732,1.03249148510857,
-4.80337464919568,1.03203036675532,
-4.76419274796403,1.03364881837412,
-4.72501084673238,1.03447298189324,
-4.68582894550074,1.02915984555849,
-4.64664704426909,1.02660465514659,
-4.60746514303744,1.03163986869639,
-4.5682832418058,1.03477423989118,
-4.52910134057415,1.03641900711302,
-4.4899194393425,1.03398844202132,
-4.45073753811086,1.03453126973559,
-4.41155563687921,1.0358880464958,
-4.37237373564756,1.03478118028437,
-4.33319183441591,1.03463482002053,
-4.29400993318427,1.03396325786771,
-4.25482803195262,1.03313915772751,
-4.21564613072097,1.03298930187615,
-4.17646422948933,1.03384536493944,
-4.13728232825768,1.03510964680097,
-4.09810042702603,1.03430262762668,
-4.05891852579439,1.03311582586542,
-4.01973662456274,1.03382522130568,
-3.98055472333109,1.03429065814575,
-3.94137282209945,1.03417009556,
-3.9021909208678,1.03402864422761,
-3.86300901963615,1.03361417274794,
-3.8238271184045,1.03277073894861,
-3.78464521717286,1.03312427087544,
-3.74546331594121,1.03273118147904,
-3.70628141470956,1.03305989037971,
-3.66709951347792,1.03320824727112,
-3.62791761224627,1.03246600580856,
-3.58873571101462,1.03206931339069,
-3.54955380978298,1.03079057998292,
-3.51037190855133,1.03396241467587,
-3.47119000731968,1.03363984116789,
-3.43200810608804,1.03328682877554,
-3.39282620485639,1.03323926690309,
-3.35364430362474,1.03027025228161,
-3.3144624023931,1.03200487161561,
-3.27528050116145,1.03065915577649,
-3.2360985999298,1.03096094757436,
-3.19691669869816,1.03091615739098,
-3.15773479746651,1.03108518958141,
-3.11855289623486,1.02942871457962,
-3.07937099500321,1.02996256836598,
-3.04018909377157,1.02929396059022,
-3.00100719253992,1.02946686931537,
-2.96182529130827,1.02997264773319,
-2.92264339007663,1.02960404710016,
-2.88346148884498,1.02940503207539,
-2.84427958761333,1.02953228653723,
-2.80509768638169,1.02861660755381,
-2.76591578515004,1.02963465805878,
-2.72673388391839,1.02894757255372,
-2.68755198268675,1.02885013188413,
-2.6483700814551,1.02834123771315,
-2.60918818022345,1.02817871172216,
-2.5700062789918,1.02862827392059,
-2.53082437776016,1.02866756731307,
-2.49164247652851,1.02828169152802,
-2.45246057529686,1.02868755081698,
-2.41327867406522,1.02836620633378,
-2.37409677283357,1.02765358685327,
-2.33491487160192,1.02667581884111,
-2.29573297037028,1.02693319181162,
-2.25655106913863,1.02718200536172,
-2.21736916790698,1.02742217424303,
-2.17818726667534,1.02651685011049,
-2.13900536544369,1.02597891927487,
-2.09982346421204,1.02634187339585,
-2.06064156298039,1.02612662827192,
-2.02145966174875,1.02688465253117,
-1.9822777605171,1.02702182604167,
-1.94309585928545,1.02611220154286,
-1.90391395805381,1.02577629565895,
-1.86473205682216,1.02543096622797,
-1.82555015559051,1.02456069147869,
-1.78636825435887,1.02460880227547,
-1.74718635312722,1.02409606519068,
-1.70800445189557,1.02399756358808,
-1.66882255066393,1.02478411940492,
-1.62964064943228,1.02488188502629,
-1.59045874820063,1.02459858469117,
-1.55127684696899,1.02402934408563,
-1.51209494573734,1.02369709804113,
-1.47291304450569,1.02357591807693,
-1.43373114327404,1.02349430004602,
-1.3945492420424,1.02307307848255,
-1.35536734081075,1.02290039070431,
-1.3161854395791,1.02268430206655,
-1.27700353834746,1.02279382685949,
-1.23782163711581,1.02248566812725,
-1.19863973588416,1.02240999507413,
-1.15945783465252,1.02269262357173,
-1.12027593342087,1.02248292447361,
-1.08109403218922,1.02132309772748,
-1.04191213095758,1.02090692957124,
-1.00273022972593,1.02211535317418,
-0.963548328494282,1.02257727050933,
-0.924366427262635,1.02359094204226,
-0.885184526030989,1.0233992457601,
-0.846002624799341,1.0203691332508,
-0.806820723567695,1.01990059974306,
-0.767638822336048,1.02002522525355,
-0.7284569211044,1.01948711560606,
-0.689275019872754,1.02002305847469,
-0.650093118641107,1.01907953895598,
-0.610911217409461,1.0185693741683,
-0.571729316177813,1.018033461805,
-0.532547414946167,1.0197853010998,
-0.493365513714519,1.01892718445359,
-0.454183612482872,1.01954920015008,
-0.415001711251226,1.01967525317395,
-0.375819810019578,1.01923136089928,
-0.336637908787932,1.01983880134486,
-0.297456007556285,1.01973992187302,
-0.258274106324637,1.01883440329096,
-0.219092205092991,1.01931544950108,
-0.179910303861344,1.01910289806902,
-0.140728402629698,1.01932550130341,
-0.10154650139805,1.01967734403519,
-0.0623646001664042,1.01843677151031,
-0.0231826989347567,1.01811659951516,
0.0159992022968908,1.01892072409662,
0.0551811035285368,1.01894147639147,
0.0943630047601843,1.01825876728091,
0.13354490599183,1.01769757825735,
0.172726807223478,1.01796675987614,
0.211908708455124,1.01809759863145,
0.251090609686771,1.01938627062292,
0.290272510918419,1.02020909403541,
0.329454412150065,1.02011606447201,
0.368636313381712,1.0202025323291,
0.407818214613359,1.02033153655099,
0.447000115845006,1.02058517599936,
0.486182017076654,1.02068395905836,
0.5253639183083,1.02066267934827,
0.564545819539947,1.02001255195724,
0.603727720771593,1.02039509929158,
0.642909622003241,1.02199953485434,
0.682091523234887,1.0221040621545,
0.721273424466534,1.02122512662391,
0.760455325698182,1.02094405773412,
0.799637226929828,1.02157777005743,
0.838819128161475,1.0210626378197,
0.878001029393121,1.02084324193325,
0.917182930624769,1.02098827528417,
0.956364831856415,1.02134808453553,
0.995546733088062,1.02172949550726,
1.03472863431971,1.02159269423529,
1.07391053555136,1.02115236383931,
1.113092436783,1.02138683103175,
1.15227433801465,1.02182979155908,
1.1914562392463,1.02179194238225,
1.23063814047794,1.02150998570777,
1.26982004170959,1.02135583702814,
1.30900194294124,1.02167244528225,
1.34818384417288,1.0226375964384,
1.38736574540453,1.02348478827435,
1.42654764663618,1.02341607607625,
1.46572954786783,1.02266003478316,
1.50491144909947,1.02287508379887,
1.54409335033112,1.02371840319226,
1.58327525156277,1.02417188003303,
1.62245715279441,1.02576929115481,
1.66163905402606,1.02542506188705,
1.70082095525771,1.0248939561653,
1.74000285648935,1.02487233678896,
1.779184757721,1.02483397152559,
1.81836665895265,1.02529385103392,
1.85754856018429,1.02600094963319,
1.89673046141594,1.02620894537264,
1.93591236264759,1.02574994013765,
1.97509426387923,1.02605068353294,
2.01427616511088,1.02648169445855,
2.05345806634253,1.02656766639353,
2.09263996757418,1.0267036639268,
2.13182186880582,1.02658860340793,
2.17100377003747,1.02631532931278,
2.21018567126912,1.02692928828895,
2.24936757250076,1.02723531511983,
2.28854947373241,1.02739821886626,
2.32773137496406,1.02708181532852,
2.3669132761957,1.02718106969218,
2.40609517742735,1.02733505204512,
2.445277078659,1.02833854135483,
2.48445897989064,1.02896073169264,
2.52364088112229,1.02895012134292,
2.56282278235394,1.02967722503624,
2.60200468358559,1.02965463577654,
2.64118658481723,1.02863940408113,
2.68036848604888,1.02917783543779,
2.71955038728052,1.03045665545298,
2.75873228851217,1.0290978269986,
2.79791418974382,1.029961319325,
2.83709609097547,1.02952618685709,
2.87627799220711,1.02880525057978,
2.91545989343876,1.0293262830168,
2.95464179467041,1.03156193044215,
2.99382369590205,1.03214043688933,
3.0330055971337,1.0313817966338,
3.07218749836535,1.03174526709073,
3.11136939959699,1.03187181671748,
3.15055130082864,1.03121513356426,
3.18973320206029,1.03182180303053,
3.22891510329194,1.03176572172352,
3.26809700452358,1.03206425597637,
3.30727890575523,1.03232587196999,
3.34646080698688,1.03233571179176,
3.38564270821852,1.03271336632424,
3.42482460945017,1.03281420758352,
3.46400651068182,1.03243813121384,
3.50318841191346,1.0323235086951,
3.54237031314511,1.03261441122636,
3.58155221437676,1.03250929405977,
3.6207341156084,1.03241120489718,
3.65991601684005,1.0327144436619,
3.6990979180717,1.03346437867867,
3.73827981930334,1.03357426736647,
3.77746172053499,1.03401850318997,
3.81664362176664,1.03234647379692,
3.85582552299828,1.03494576810976,
3.89500742422993,1.03491270009712,
3.93418932546158,1.03532187457992,
3.97337122669323,1.03425000972302,
4.01255312792487,1.03341614249487,
4.05173502915652,1.03406265732211,
4.09091693038817,1.03420158975461,
4.13009883161981,1.03485555279747,
4.16928073285146,1.03556716123712,
4.20846263408311,1.03535358993251,
4.24764453531475,1.03491768182299,
4.2868264365464,1.03469832753832,
4.32600833777805,1.03499288426068,
4.36519023900969,1.03570122755544,
4.40437214024134,1.0355415270275,
4.44355404147299,1.03524634581749,
4.48273594270464,1.03494912002176,
4.52191784393628,1.03493377225509,
4.56109974516793,1.03601130726578,
4.60028164639958,1.03685102758004,
4.63946354763122,1.0360260875187,
4.67864544886287,1.03660900942329,
4.71782735009452,1.03780834593055,
4.75700925132616,1.03628157844857,
4.79619115255781,1.03587790536715,
4.83537305378946,1.03645598670933,
4.8745549550211,1.03688885413622,
4.91373685625275,1.03697987174443,
4.9529187574844,1.03644850453618,
4.99210065871605,1.03650230979938,
5.03128255994769,1.03690799312726,
5.07046446117934,1.03725592271404,
5.10964636241099,1.03674255564154,
5.14882826364263,1.03575632689345,
5.18801016487428,1.03588693367341,
5.22719206610593,1.03667101386535,
5.26637396733757,1.03537016927385,
5.30555586856922,1.03473416420318,
5.34473776980087,1.03507945455102,
5.38391967103251,1.03432481966793,
5.42310157226416,1.03387354356957,
5.46228347349581,1.03410106105791,
5.50146537472746,1.03451103270285,
5.5406472759591,1.03513975230555,
5.57982917719075,1.03430410371954,
5.6190110784224,1.03357565299359,
5.65819297965404,1.03319505722806,
5.69737488088569,1.03296405299725,
5.73655678211733,1.03237585290243,
5.77573868334898,1.03170692185097,
5.81492058458063,1.03125029328218,
5.85410248581228,1.03161019739234,
5.89328438704392,1.03219038526592,
5.93246628827557,1.03019775182585,
5.97164818950722,1.02916453536618,
6.01083009073887,1.02982899286109,
6.05001199197051,1.02997705867315,
6.08919389320216,1.02888262383774,
6.1283757944338,1.02836746982434,
6.16755769566545,1.02850203111299,
6.2067395968971,1.02763081106898,
6.24592149812874,1.02585003282159,
6.28510339936039,1.02490642807232,
6.32428530059204,1.02398760729914,
6.36346720182369,1.0228092319996,
6.40264910305533,1.02212330047328,
6.44183100428698,1.02239571628027,
6.48101290551863,1.0221841743359,
6.52019480675027,1.02098271319276,
6.55937670798192,1.01918784765487,
6.59855860921357,1.01783757398902,
6.63774051044521,1.01655222229234,
6.67692241167686,1.01529331279941,
6.71610431290851,1.01392486536009,
6.75528621414016,1.01252541054662,
6.7944681153718,1.01173339742496,
6.83365001660345,1.01060786926542,
6.8728319178351,1.00925803272039,
6.91201381906674,1.00768891213195,
6.95119572029839,1.00643750831244,
6.99037762153004,1.00502909888149,
7.02955952276168,1.00236286989479,
7.06874142399333,0.998351529071884,
7.10792332522498,0.998769650898852,
7.14710522645662,0.999445472101384,
7.18628712768827,0.993905094225308,
7.22546902891992,0.987215874182003,
7.26465093015157,0.982088198219026,
7.30383283138321,0.97228279648888,
7.34301473261486,0.957075174010901,
7.38219663384651,0.93679566825838,
7.42137853507815,0.907915385116931,
7.4605604363098,0.869450860142748,
7.49974233754144,0.817037824748694,
7.53892423877309,0.749814037190125,
7.57810614000474,0.670172204696738,
7.61728804123639,0.583063225169862,
7.65646994246803,0.49383245540948,
7.69565184369968,0.405963356025967,
7.73483374493133,0.322887019342171,
7.77401564616298,0.25188404123301,
7.81319754739462,0.199239439328744,
7.85237944862627,0.163962747215306,
7.89156134985791,0.141097762589939,
7.93074325108956,0.125826874265472,
7.96992515232121,0.11608859382882,
8.00910705355285,0.110113495993074,
8.0482889547845,0.105914397078839,
8.08747085601615,0.102743046736663,
8.1266527572478,0.100026739488925,
8.16583465847944,0.0977682846648493,
8.20501655971109,0.0956425719968403,
8.24419846094274,0.0934849548218781,
8.28338036217438,0.0914021390803232,
8.32256226340603,0.0902164621361883,
8.36174416463768,0.0892923731859576,
8.40092606586932,0.087722876658336,
8.44010796710097,0.0859461866725661,
8.47928986833262,0.0843748979711916,
